
== 学生数 ==
6 人

== 出席番号順の名簿 ==
  1)   1 結城浩      65  90 100  80  73  合計点 408 平均点 81.6
  2)   2 阿部和馬    82  73  63  21  44  合計点 283 平均点 56.6
  3)   3 伊藤光一    74  31  41  59  38  合計点 243 平均点 48.6
  4)   4 佐藤太郎   100  95  98  82  61  合計点 436 平均点 87.2
  5)   5 村松真治    55  48  79  90  88  合計点 360 平均点 72.0
  6)   6 進東三太郎  74  41  59  31  38  合計点 243 平均点 48.6

== 合計点による成績順位表 ==
  1)   4 佐藤太郎   100  95  98  82  61  合計点 436 平均点 87.2
  2)   1 結城浩      65  90 100  80  73  合計点 408 平均点 81.6
  3)   5 村松真治    55  48  79  90  88  合計点 360 平均点 72.0
  4)   2 阿部和馬    82  73  63  21  44  合計点 283 平均点 56.6
  5)   3 伊藤光一    74  31  41  59  38  合計点 243 平均点 48.6
  6)   6 進東三太郎  74  41  59  31  38  合計点 243 平均点 48.6

== 平均点・最高点・最低点 ==
教科 1 : 最高点 100, 最低点  55, 平均点 75.0
教科 2 : 最高点  95, 最低点  31, 平均点 63.0
教科 3 : 最高点 100, 最低点  41, 平均点 73.3
教科 4 : 最高点  90, 最低点  21, 平均点 60.5
教科 5 : 最高点  88, 最低点  38, 平均点 57.0
合計点の平均 328.8
